566 mom 6011111011.

Μαρκίων (ὁ Ποντικός) 382, 77, Μορμώ 102, 67.

524, 6. Μοῦαα 396, 64. 67.
Μαρκιωντσιής 394, 53. Μοῦσαι 46, 43. 48. 55.
Μάρκος (evangelista) 392, 27, Μουσαῖος 130, 31, 208, 2.

(ὅ ααλαβαδάκτυλος) 394, 28. Μύγδων 186, 36.
Μάρκος(ς115511515)232,11,296, Μωσῆς 116, 9, 150, 41, 192,

34, 29849, 30211. 17, 308, 29. 30. 31. 32. 33, 206, 84,

77, 310, 90, 312,3, 344, 79. 220, 87. 94. 8, 226, 93. 96,
Ματθίας 356, 65, 69, 118, 236, 68. 70. 73, 242, 61. 65.

Μενᾶλ, (80, μήτηρ) 208, 9, 77, 244, 99, 246, 29. 40,
ῃο, 23, 252, 50, 316, 513 344, 70;

Μελέαγρος 186, 46, 360, 32, 370, 81, 408, 94,

, Μελικέρτης 184, 13, 14, 410, 6, 430, 91.92; 470.91,

Μελίη, 28, 5,, 490, 6, 518, 21.

ΜαχωεΜν 15515, 555, 55. 1111115 161181 ¹⁹02 195 181.
’ Μένανδρος 346, 7, 380, 45. “ 22· 54· 52· 551 596121 220.
Mamaos 78, 65. 80. 82. 95· Ῑ9ἱ 2221 231 2351551
Μενέλαος (nomen) 15, 51. 51. 271. ¹³³ 281551 188. 2⁷³

Meconovapsa 1551515, 555, ³⁷0· 903 111. 15 118. 5. 9.
59, 555, 51. 12. 51, 155. 55. 51. 59, 555,

Μεσραΐμ 534, 81. 67, 522, 77. 86. 92, 526, 56,
Μεταπόντιος 498, 43. 540, 75.
Μήδεια 186, 29.
Μήη186,4,, Νάας 132, 54, 170, 65. 67.
Μη’νη 155, 51. 15, 515, 51, 555, 55, 551,
Μήηρ ηηΜη 115, 55. 11. 55. 55, 555, 5, 555, 51,
Μ.1η’.ν.ς5,95,155,1559515. ³9· ⁵⁴³ 2111. 91.
Μ1συρ 15519. Ναασσηννι 155, 55, 155, ’55,
1 ΜηνΜ 515, 19. 11565511861155555.
Μ.5ν 591, 59. 119151515115513551.
Μνημοσύνη 15, 15. 151515. Ναζαρέτ 1511. 15.
Molem 186, 49. ¹ quxwaog 188, 55.
Μονόΐμος 412, 5, 424, 1. 2, Ναχώρ 532, 45.

155, 1, 155, 15, 555, 15. 55. 15555 155, 11.
Μοντανός’ 412, 12, 436, 69, Νεβρῶδ 192, 48.

555, 15. 11. 55. 555, 55, 55 , 155, 5.

 

