111111111 110111111111. 561

’1122330131 μυσοήρια 208, 9. Ἐν γόνασιν 116, 3. 4. 7, 118,
21111, 12313. 61. 66. 13. 33. 36, 122, 31, 131,
’11113 136, 23, 236, 61. 61. 33.

111131, 2, 16, 6,13. 13. 36, ’13331161 1331113, 133, 63.
8, 99, 48, 89, 6072. 75, Ἐπίγονος 440, 24, 528, 88.
80, 7, 118,17, 120, 50. 61, Ἐπίδαυρος Ἰσονία 96, 71.
124, 35, 130, 25. 21. 37, Ἐπ1κοορ3ς 2, 12, 40, 56, 42
131, 31, 111, 16, 163, 61, 31, 633, 11. 11.

152, 64, 168, 46, 190, 6, Ἐπιῳιίνης 292, 98.

214, 5, 232, 9, 234, 51, 258, Ἔρεβος 48, 64·

16, 263, 61. 63, 313, 32, Ἐρετριεύς 11, 51.

398, 88, 408, 86, 424, 973 Ἐριννύος 266, 59. 60. 71. 72.
430, 97, 432, 14. 19, 444, Ἐριχθόνιος 186, 45.
33,113,12.16,131,16.13, 8311111 148. 5·

132, 63, 131, 61. 13, 136, ’1341111848

13. 22. 23, 632, 61, 631, 31. ’13111 65. 581 10. 43· 451 118
wwffiffimmwlnfflffiffifflmss

Ἑλληνικὴ γῆ 234, 48. 835 ¹52, 87·

‘22114202 211, 11, 26313, ’1431411 1414411111 444. 58·
326, 34, 534, 84. «Ερμῆς τρισμέγιστσς 186, 42.
Ἐλωείμ 218, 74. 75, 220, 97. Ἑρμογένης 412, 8, 432, 28,
(11461. 11. 16. 13, 222, 131, 11. 61, 633, 12.
37. 43, 224, 61. 63. 64. 67. Ἑρμότιμος Σάμιος 12, 55.
(bis) 12. 13. 16, 226, 1. 6. 113113, 61.
13. 11. 21. 26, 223, 23. 36. 1161316216, 41· .
62. 66. 61. 63, 233, 13. 95. ’991999 3336161231111118,
33, 61611, 613, 11. 22. 26. 111 181. 8· 1414141841,
29. 31. 36. 3633.

Ἐμπεδοκλῆς 2, 5, 14, 1.14.19, ’1141414 1811, 54·
16, 22, 208, 13, 240, 25, Ἑσπερίδες 188, 57.
266, 64, 346, 10. 19, 382, Ἐσσηνοί 472, 3, 486, 58. 70.
33. 36, 336, 13. 12, 333, 1136121,33,132,31,131,62.
13, 33332. 3136, 33213, 63,236,36,223,3.1332136.
331, 23. 3633. 11. 16. 13. 3611166316.

1

1

1

63, 336, 61. 63. 61, 333, 2313611231.
31, 136, 63, 633, 66. 233 136. 33.
36

 

