859 mnu 19999911.

1114111111. -181,24-81,11. 8111111. 13, 9. -411,111.

111818. - 134, 87. 88. 1111111. 13, 13. - 181111. 41.

111. 14, 1. - 183, 41. 43. 1111111. 1311131.- 411, 17. 18.
...- 1111111. 133131- 183, 31. 31

1⁶10m‚1‚5‚ ,, 244¹ 97. 93· 1811111. 13, 33. - 189 79. 89.
terem. 11,1. -111,11.11. 19191941 ··· 1597973.

1111111, 11. -111,11.11. ”¹¹⁰¹- 18811·- 311. 41. 41.
111111. 1111. -1111111,

9111111. 19, 17. -149,97.981398,

*uu—-

11111. 9, 48. ·-· 148, 98.
Dan. 4, 7-9. - 938, 98. 97.
Dan. 7, 9. 1999. - 989, 3.

Ἣ

11-111, 11.
11111. 11, 11. -111,11.11.
11111. 11,11.11.- 111, 1111.
11111111. -1111111,
910.. 13. -33111111 1111111111. -1111111,
--·--- 1111111111. -111,11-11.
111111. 1, 1. 1. -111, 11. 11. 11111· 9891· ²³· - ⁵⁴⁰· ⁵⁷· ⁵⁸
111111, 11. ..11111-11. 1111127.8913-11811
1111111.3,11. -1111,1·1.13; ...-

948, 78-77. Marc. 4, 3-9. - 199, 98-8.
9111111. 3, 19 - 238, 8. 8. 91111. 4, 3. 8. - 418, 87-89.
1111111. 9, 18. -- 144, 39. 49. 91111. 4, 9. - 418, 79.
9111111. 8, 18. - 98998149893. 181114, 19. -189,48. 47.
9111111. 8, 48. - 144, 99. 39. 91111. 4, 91. - 144, 39. 49.
9111111. 8, 48. - 198, 99. 91. 91111. 4, 31. 39. - 188, 39.
911111. 7, 3. 4. -419,17.111. 91111. 9, 911111. -— 31948. 48.
1111111. 7, 8. - 199, 94-98; 91111.19,18, - 149, 97. 981

498, 96. 87. 398,89-398,88.
1911111. 7, 11. - 198, 99. 91. 91111. 19, 38. - 184, 93. 94.·
1811111. 7, 13. -184, 77-79; Μ111.11,13.14.

158, 48. 99. 91. - 414, 39-34.

1111111. 1, 13. 14. - 111, 93-11. Marc. 13, 98. - 4143131.
911111. 7, 14. - 121, 8118. ·-····-

9111111118. -824,18.18. ιω, 11138, ..320,41.44‚
11111121. -111,11-11. 111111. -111,11-11;

9111111. 19, 8. - 914, 9, 37488. 8981.
911111. 1121. - 141, 41. Luc. ³, 9. -148, 78-771
9111111. 19, 34. - 919, 89. 89. 189, 17. 18.
911111. 11, 5. - 188, 94. Luc. 3, 17. - 938, 8. 8.

111111. 11, 11. 11. -111,11-11. 11111111. -111, 11. η.. .
111111. 11, 1-1. -111,111. 111111. -111,11.

9111111. 13, 3. 8. = 418, 87-89. Luc. 88-8. ·— 189, 98-8.

 

