1. EX 8001171164 616111.

namu-28.- 160, 40. 41.
11006. 19, 4. - 364 96. 97.
11006. 90, 11. - 949. 66-67.
1100019413-16- 908, 98.
ωηὴη-Μω
11001134 3. - 974, 16. 17.

ι--ιω

Num. 91, 6·9. - 190, 18-199, 94.
Dent 494. - 936, 69.

Dent. 4, 36. *98997

11001. 6, 17. -90898

Dent. 6,19. -41446

Dent. 9, 3. -936, 69.

Dent. 31, 90. -160,8-10.
11001. 39, 11. -364 96. 97.
11001. 39, 39. ε- 989, 97.

11001. 33, 17. - 170, 76.

100. 3, 7-17. -148,·97-30.
1 8106141. -· 174, 97.98.
18000. 16,13.-17497.

1 80001414.- 174, 98. 90.
106. 1, 7. - 116, 86. 86.
106. 9, 9. - 490, 30. 31.
106. 40, 97.

(0. 40, 39.) - 166, 39.

ῃ

90060. 9, 9. - 146, 70. 71.
900101. 8, 3. - 399, 87. 88.
900100. 18(19), 9. - 399, 89.
900100. 18 (1914- 168, 34. 36.
900100. 18 (19), 6. -- 146, 89. 83.
9001018(19),6.6.- 434, 48-60.
90060. 91 (99),7. - 166, 34-38.
900100. 91 (99),

91. 99. - 16418.
malumm- 166, 31-33.

vum. 00060 - 0000000037.

649

900110.93(94),10.- 166, 96.
900100.98(99),3.10.ι-164, 13-16;
610, 90.
900100. 31 (39)6. - 379, 97-99.
900110. 34(36),17.-· 164, 18.
900100.81(89),6. 0- 148, 16. 16.
90060. 81 (89), 7. - 148, 90. 91.
90010.109(110),1.- 999, 69.
900100.109(110),4.- 916, 30) 930,
79. 73.
900100. 110 (111),
10.
900100. 117 (118),
19.
900100117 (118),
90.
900101. 117 (118),
99. - 146, 90. 91.
9001ω.139(133),9.- 364, 99. 93.

- 980, 97. 98.
- 999, 4146.

- 999, 47. 48

μ*

9000. 1, 7. - 980, 97. 98)
100, 00.

9000. 3, 30. - 648, 44. 46.

9000. 8, 93-96. - 949, 73. 74.

9000. 9, 10. - 980, 97. 981
379, 18.

-- m, 67-69(

996, 60. 60.
- 998, 64. 66.
-ὺ 948, 70. 71.
- 996, 9-11.

100. 1, 9.

100. 1, 3.
100. 9, 4.
100. 6. 7.
100. 7, 14. - 188, 99. 93.
100. 98, 10. - 160, 49.

100. 98, 16. - 1469091911.
100. 40, 6. ·- 430, 95.

100. 40, 16. - 17491.

100. 41, 8. - 154, 19. 90.
100. 43, 1. 9. - 164, 90-99.
100. 46, 6. - 989, 97.

100. 49, 3. -· 164, 19. 90.

 

