mnzx 1101118011. 559

’,4,,2425 222, 52. 2222 245, 54, 222, 55, 222,
Ἀρσινόη 186, 33. 19, 518, 34.
'Apama 98, 76. Βαβυλών 26, 15, 174, 23.
Ἀρφαξάδ 532, 52. Βαβυλώνιοι 108, 62, 494, 14.
’Anam 2, 5. 5, 24, 52. 55. 11222425 110. ⁵⁵·

863 ³⁰, 77· Βακχικά 208, 5.
memores 66, 5,, 55, 66, 68, Βαρδησοάνης 394, 54.

8,, 90, 98, 3, 8, 9, ,0 3,, 3,, Βαρούχ 216, 35, 218, 79, 220,
‚mm ,, 9, ’ ’ 22, 224, 25. 22, 225, 22. 22.

, .

‚Aah 544 ,,, 2. 2, 225, 22. 25, 225, 25.
.,,,,,,,,’,,, ,0, ,9, 52, 222, 55 24, 518, 22, 25.
,mame 96, 6,, 7,, Βασιλείδης 344, 80, 340, 3. 5,

’.452252 425, 5. 22, 12522. 3⁴⁸2 4⁶· ⁵¹³ ³⁵42 ⁵⁸³ 356,
,3, 140,90; ,68, ,,, ,,,, 54. 22. 55, 222, 22, 252, 52,

9, 9,, 5,, 2,, 254, 2, 255, 45. 42, 888, 5ο,
, . ' 225, 4ο, 252, 22, 514, 52,
Λσσυροος 394, 53.

, 516, 4.
Αστεροποιϊος 78, 79.

’Λοοεροποτος (nomen) 78, 80.
’Ᾰ76770142186143· 252 255 25.
ἰλωκή 208’ 8· Βονοαμ1ν 152, 63.
Anac 138, 51. 57, 164, 03·

455, 22. 52, 255, 25. ’ ζῖζωῖἑῗ ,1,1, ,3,

’4176179 ²3⁰² 9⁷· Βοοοοοο1 134, 94.
4112212 1811, 51· 2,.22 102, 81.
Ἀφρο<11οη 66, 57, 68, 82, 70, Βωμὴα, 186, 4,,

41. 42, 425, 44. 4525, 222, Roma, ,,, 9,,

655111. 194 518. ³⁴· Βραχμᾶνες 2, 44, 44, 2. 18. 25,
’22511226220212225116482 45, 25. 2ο.
’2222412118 81. 225,, 255, 25. 22.
Ἀχιλλεύς (nomen) 78, 77. 79. Befflss 164, 65,

Ἀχιλλεύς 78, 77. 78. 70. 80, Βρ,,,,,’164,66,

186, 46· Βυζάντιος 406, 62, 526, 57.
’Λψοθος (5 Λίβυς) 234, 30. 34.

43. 45. 50. 51, 236, 55. 50. Γαβριήλ 218, 79, 328, 42.

58. 02, 250, 19. Γαΐα 46, 58, 48, 60.

Βοελζεβούλ 280, 21, 282, 32.
Βελίοος 218, 81.

 

