570 ' ιοοιικ ιιοιιιιιοιι.

Σίμων ό Γιιιρνός 234, 22.

Σίμων ὁμόγος 236, 59, 254, 79.

Σινοῖ ὄρος 420, 92.

Σιοίν 146, 93.

Σκορτιίος 86, 89, 268, 16.

Σκόθρς 218, 57.

Σκυθία 216, 41.

Σκόλλικ 346, 30.Ι

Σμορναίος 440, 22, 528, 86.

Σοβιαί 462, 53.

Σοκλόν 186, 27.

Σόλων 256, 52, 470, 74.

Σοοριόλ 186, 47.

Σταγειρίτης 346, 47.

Στέφανος 118, 13, 194, 79.

Στησίχορος 254, 07.

Στίίβαν 68, 61.

Στοά 480, 53.

Στύξ 190, 3, 210, 32.

Στωϊκοί 2, 11, 14, 6, 40, 30.
33. 55, 496, 36.

Σορίο 380, 44, 462, 49.

Σνρρόκοοσαι 28, 49.

Σορρακοόσιος 26, 57.

Σωκράτης 2, 8. 9, 16, 35, 24,
86, 30, 75. 77, 290, 71, 350,
84, 412, 9.

Σωκρατικός 434, 39.

Ταγαβονό ποταμός 44, 99.

Τόλιος2 186, 46. 47.

Τόρτοιροι 48, 60.

Τάρταρος 96, 65.

Τατιανός 412, 7, 432, 22. 27,
522, 1.

Ταῦρος 82, 28, 160, 37. 44.
45, 268, 15.

Τηθύς 48, 76, 496, 50.

Τιβέριος Καίσαρ 396, 75.

Τίγρις 172, 93, 212, 80, 222, 22.

Τιθονός 188, 56.

Τίμαιος 258, 36. 37. 51.

Τοξότης 60, 75, 86, 96, 180,
47. 48, 266, 16.

Τραίανός 462, 63, 468, 60.

Τρίκρ 96, 70.

Τριπτόλεμος 186, 39, 208, 7.

Τροία 60, 75.

Τρωίκό 12, 54. 55.

Τρωίκός πόλεμος 254, 63.

Τοόοόςῖ 166, 46. 47.

Τόρος 254, 72.

Ὑάκινθος 456, 52. 57.
Ὗόροχόος 60, 74. 76, 86, 11,

τοο, ιι.

Ὑπερίων 48, 74.

Φοίθωνῖ 166, 46.

Φαῖδρος 362, 66.

Φαλέγ 532, 46.

Φαραιό 218, 62.

Φαρισαίοι 472,3, 466, 72. 86
490, 1.

Φειοοίν 170, 86, 222, 22. 30.

Φολλήνρ 136, 2.

Φερσεφόνεια 96, 69.

Φιλοομίνη 410, 10, 524, 33.

Φλεγραίος 136, 2. 3.

Φλέγων 186, 46.

Φλιοός 206, 6. 9.

 

