1. EX 8661176114 616111.

633. 8, 6. 8. - 416, 67-69.

133388. - 416, 76.

Luc. 8, 16. - 166, 46. 47.

1333. 8, 16. - 144, 36. 46.

ι... ιι, 33. - 144,³4.10.

Luc. 12, 3. - 144, 41.

Luc. 1³, 6. 7. -·· 414, 32-34.

633. 13,19. -ν 168, 32.

633. 16, 4-16. - 332, 81. sqq.

Luc. 16, 17. - 426, 23.

Luc. 17, 4. - 142, 18. 19.

13331621. - 1411, 62. 633
152, 78. 79.

Luc. 18, 19. -- 142,27-144,9;
3968239883.

633. 19, 17. - 646, 67. 68.

Luc. 24, 39. - 416, 26-22.

ffl

13. 1, 1-4. - 194, 58-61.
13. 1, 3. 4. - 166, 55-67.
13. 1, 9. - 172, 12. 133
’ 333, 3333.
13. 2, 1-11. - 162, -74-78.
13. 2, 4. - 376, 97.
Ιο. 3, 5. 6. - 422, 68-71.
Ιο. 3, 6. - 146, 24-26.
13. 3,8. - 164, 8. 6.’
13. 3, 14. - 192, 62-64.
13. 3, 17. -· 178, 2-5.
Ιο. 4, 7-14. - 266, 77.
13. 4, 111. 14. -· 172,6-73236,86.
13. 4, 21-24. - 166, 13-18.
13. 5, 37. - 164, 8. 9.
13. 6, 44. - 168, 83. 84.
lo. 6, 53. - 162, 91. 92.
13. 8, 21. ·- 164, 94. 95.
13. 8, 44. ·- 196, 22. 23.
Ιο. 9, 1. - 172, 12.
- 198, 32.
- 284, 78. 79.
- 166, 48.

13. 16, 7.
13. 16, 8.
13. 16, 9.

1 633. 2, 9.

551

13. 13, 33. - 164, 94. 95.
13. 16, 26. - 228, 41. 42.
13. 26. 25. 27. - 416, 26-22.

—

14⁰1. 2, 24. - 266, 74. 76.
3131. 8, 9-24. - 234, 28. 293
266,15-17.

11333.1,19.26. - 444, 76. 77.
Rom. 1, 26-26. -138,64-146,76.
Rom. 1, 27. -140, 77-86.
82-84.
Rom. 5, 13. 14. - 376, 86, 81.
113338, 11. -286,9. 16.
Rom. 8, 19. 22. -368, 76-773
374, 71-73.
Rom. 9, 6. - 546, 46.
Rom. 16, 18. - 146, 82. 83.
Rom. 14, 4. -466,16. 16.
Rom. 16, 26. - 284, 76. 86.

-n-—n

- 216, 24·263
222, 66. 613
mom-w.

1 633, 2, 13, 14.- 168, 77-81.

1633. 2, 13. - 372, 23. 24.

1633. 2, 14. - 284, 76-72.

1633.16,11. -·· 166, 64. 65.

1633.11,32. -· 178, 73 244,

96. 61.

ιιι-...-

2, 633. 6, 3. ·- 422, 66.
2 633. 12, 2·4. - 168, 72-76.
2633. 12, 4. - 374, 63. 64.

*-

Gal. 3, 28. - 138, 69. 66.
631.4,26. , -148,18.19.
Gal. 4, 27. - 162, 42. 43.
631. 6, 3. -· 434, 61-63.

 

