, 11101111 3011111011. 563

Θέμις 48, 75. 156, 48, 174, 24, 226, 261
Θεοδοαανυί 406, 80. 228, 31. 36, 278, 72, 284, 88,
Θεόδοτος 346,17; 438, 6, 458, 286, 95. 5, 288, 34, 312, 8,

99, 526, 66, 530, 10. 324, 10, 326, 23. 32, 328,
Θεόδοτος (alius) 406, 77. 36. 41, 330, 56. 58, 374,
Θεόδοτος (Βυζάντιος) 406, 62, 56. 66, 378, 12. 17. 23. 35.

526, 57. 40, 396, 80, 398, 94, 400,
Θεόφραστος 430, l. 3. 9, 402, 13, 404, 42. 49,
Θέας 188, 57. 406, 55. 57. 67, 408, 81,
Θρᾷκες 154, 3. 4. 422, 76. 79, 424, 87, 502,
Θρᾴκιος 46, 35. 98, 516, 94, 518, 36, 520,
Θρασυμήδης 234, 26. 71 , 526, 44. 51. 52. 64, 530,21.
Θρᾷττα 8, 2. Ἰησοῦς Χριστός 284, 64, 408,95.
Θωμᾶς 140, 94, 142, 3. Ἰησοῦς (filius Nun) 148, 30.

Ἰκάριος 188, 56.

Ἰακώβ 156, 41, 192, 46, 208, Ἰλιον 14, 13.

89, 288, 28, 370, 91, 532, Ἰνδικάς 370, 3. 7.

35. 39. 41. Ἰνδοί 2,14, 26,14, 44, 95,
Ἰάκωβος τοῦ κυρίου ὅ α’δελφός 412, 16, 544, 21.

134, 79. 80, 502, 5. ἸνωἸ 186, 14. 50.
Ἰαλδαβαοίθ 146, 64. Ἰοθοῖρὸ μ4γας σοφός 150, 40.41.
Ἰούνιος 96, 71. Ἰορδάνης 148, 27. 28, 150,51,
Ἰαπττάς48,74, 184, 4. 406, 70, 422, 60, 470, 93.
Ἰαρβας 136, 3. 4. Ἰούδα 238, 10. 11, 532, 35.
Ἰασίδης 122, 94. Ἰουδαία 254, 92, 532, 31. 34.
Ἰασίων 188, 57. Ἰουδαίκδς346, 16, 400, 2, 406,
’Idm 206, 88, 534, 74. 79. 90. 54, 486, 52.
Ἰδαῖοι 134, 95, 170, 53. Ἰουδατοι 254, 92, 380, 61, 382,
Ἱερεμίας 162, 48. 50. 52. 64. 76, 410, 18, 434, 57,
Ἰερουσαλήμ 166, 15, 492, 50. 440, 12, 454, 29. 36. 41,
Ἰερουσαλὴμ ἡ ἅνω 282, 43. 44. 470, 84. 90, 482, 5, 486, 71,
Ἰερουσαλήμ (ἡ ἐπουράνιος) 274, 488, 73, 490, 9. 11, 492,

14, 280, 15. 34. 49.
Ἰερουσαλήμ (ἢ κάτω) 162, 49. Ἰουοττνος 130, 33, 214, 97. 98,
’lq 186, 14. 216, 24, 218, 60. 70, 232,1,
Ἰησοῦς 132, 72, 152, 75. 77, 516, 5, 518, 42.

36*

 

