INDEX 6611111611.

Ἀαρόν 364, 93. Ἀθηνᾶ 256, 12.

Ἀβδηρ1της26, 13. Ἀθηναῖοι 162, 57. 61.

Ἀβελ 192, 39, 366, 87. Αἴας (nomen) 78, 62. 73, 86, 4.

Ἀβραάμ vel Ἀβραάμ 200, 883 Λιας 78, 65. 72. 76.

282, 47, 388, 28, 370, 91, Ἀϊδωνεύς 384, 94. 97, 566, 61.
532, 37. 42. Αῑγόκερως 86, 4, 182, 51. 52.

Ἀβρασᾶξ 372, 45. 53, 268, 17.

Ἀγάθυρσος 218, 57. Almam 14,95,168,64, 112,

Ἀγαμέμνων (nomen) 74, 98 2. 31, 136, 5. 628, 142, 4. 5,

Ἀγαυή 186, 51. 144, 34. 45, 196, 8. 16, 258,

Ἀδάμ 116, 8, 118,24. 45, 132, 45. 52, 346, 14, 436, 91,
98;131,9;112,93;5111,86; 470‚71.25; 486, ⁵³3 494,
236, 7, 224, 87, 338, 54, 11, 532, 54,534,64.81.96,
286, 93, 376, 81, 432, 26. 536, 96,544, 26.

Ἀθόως 132, 61, 134, 87, 136, Αἰγύπτιος 162, 35, 464, 33.
12, 146, 62. 89. 96, 148,98, AErvmoc 3614, 124, 35, 148,
156, 38. 56, 156, 26, 164,’ 16. 26. 29, 156,42,168,45,
71, 562, 85. 196, 16. 11, 192, 35. 32,

”Adam 168, 47. 1378, 41, 428, 62, 522, 32,

’mm 6 Καρύσιιος 1162, 7. 626, 46, 532, 41.

ἈδιαβηνοΙ 534, 62. Αἴγυπτος μικρά 196, 11.

Ἄδμητος 186, 211. Ἀιδης 34, 32, 42, 79, 124, 25.

Ἀδράσπια 36, 71. 73. Λ13α116ης 12, 54.

’ Ἀδωναῐος 218, 82. ΑΙθήρ 48, 65.

Ἀδωνις 138, 43. 44. 47, west& Almam: 534, 82, 544, 31.
Ἀθάμας 186, 51. [4131511151 172, 92.
1

 

