moux οουαυιι. 569

78, 268, 5, 270, 45, 288, 46, Σαμόορᾳιιες 152, 81. 82. 85,
330, 68, 464, 88. 90. 168, 47.
Πυθαγόρειος φιλοσοφία 14, 94, Σαούλ 174, 28.

46, 33, 344, 75. Σαρδονία 454, 45, 456, 49. 53.
Πυθαγοριιιοί 180, 38. 39, 232, 6. Σαρπηδιίν (nomen) 76, 51. 57.
Πυθαγορικός 258, 34, 260, 80, Σάεαν 218, 82.

264, 31 , 270, 28. 38, 282, 37. Σατανᾶς 382, 71. 74, 402, 23.
Πυθαγοριοταί 14, 01. Σαιυρνετλος 346, 5, 380, 43,
Πυρόεις 66, 60, 68, 77. 78. 382, 76.

Πύρρος Δήλιος 12, 56. Σαυλαυαῦ 150, 49. 50. ‚
Πύρρων 42, 84. Σειρῆνες 346,31.34,348, 38. 42.
Πύρραν ὁ Ἀναδήμιος 2, 13. Σεκούνδος 232, 8, 292, 94.
Πυρρώνειοι 42, 84. Σελήνη 138, 48.

Σεπφώρα ἢ βλέπουσα 1505, 41.
Σερούχ 532, 45.

Σήθ 206, 87, 214, 94.
Σηθιανοί 130, 30, 198, 57, 210,

18. 22. 30. 35. 41, 214, 89.

92. 96, 506, 38, 510, 2.
Σρθιανοὶ λόγοι 206, 81.

Σήμ 206, 87, 532, 53, 534,

74. 79.

Σηρυί 462, 52.

Σίβυλλα 190, 88.
Σαβαυίθ 238, 9. Σιδόνιοι 120, 59.
Σοβίλλιος 450, 75, 456, 71, Σινοίριοι 482, 28.

458, 78. 98. Σικελία 394, 31.
Σαδδουκαίοι 472, 3, 488, 86, Σικελιιοακός 346, 29.

490, 2. 7, 492, 30. Σίμων (Magus) 124, 50, 126,
Σαήλ 218, 82. 80. 82, 128, 14, 232, 7. 3,
’ Σαυι 532, 52. νει, 25. ας 236, ου. 6262.
εαυαμιι 60, το. 24. 83; 240121; 222, ευ. ευ,
Σαμαρεία 234, 23, 256, 93, 248, 78, 250, 19. 23, 252, ’

15, 490, 2. 56, 256, 98. 111415, 258,
Σάμιος 8, 6. 8, 12, 55, 66, 26. 30. 32, 408, 94, 510,4,

53, 260, 58. 512, 29. 30.

*ναμε 532, 45. ’

Ραρία 136, 99.

Ῥαφαήλ 186, 47.

Ῥαχήλ 162, 46.

Ῥέα 48, 81, 138, 63, 168, 43.
44, 186, 35.

Ῥε1α48, 75, 168, 53.

Ῥωμαῖοι 454, 33.

Ῥοίμι, 256, 18, 440, 24, 452,

οι, 454, ¹8³ 26251.

 

