564 · 1110811 1101118011,

’mame ο ,4,44, 454, το. 55. 55, 455, 5ο. 55. 59. 59, 3
ΙἸππαρχος 68, 85. 458, 5, 462, 41. 45. 51,464, .

' βιππασις 444, 4ο. 54. 45, 555, οο, 55ο, ιι.

Ἵππασος ὁ Μεταπόντιος 498, 43. Καλλπηιανοί 462, 46.

Ἱπποκράτης 142, 98. Κανά 152, 77.

Ἰππων 2, 7. Καπανεύς 186, 46.

Ἱππων ὁῬηγτνος 30, 67. Καρκαμονοίς 218, 82.

Ἰσαάκ 206, 88, 288, 28, 370, Καρκίνος 84, 51, 88, 36, 182,
91, 532, 38. 44. 52. 53, 268, 16.

’46466404 356, 64· 67· Καρποκράτης 346, 11, 398,91.

Ἰσις 142, 9, 144, 35, 186, 32. 92, 406, 54.

Ἰσραήλ 148, 28, 190, 21, 192, Καρπόφοηος 452, 95 96, 2. 4.
50, 218, 70, 226, 94, 228, 9, 454,20. 22. 37. 42,456, 62.
62. 63· 64, 23169, 474164 Καρύστιος 48,16.17, 182, 57,
515, ι5. ⁵02, ⁷·

Ἰταλία 5, 8, 12, 83, 286, 4. Καρφακασημεοχείρ 186, 24.

Ἰταλικὴ φιλοσοφία 8, 7. Κασσιέπεια 122, 95. 96. 98.

Ἰταλιωτικός 286, 4. Καοίθαν 218, 82.
Ἰχέλύες 88, 21, 180, 48, 268, 17. Καολακαῦ 150, 49. 50.
Ἰωάννης 408, 91. Κέλαάος 186, 47.
Ἰοίβ 116, 85, 420, 29. Κέλβης 6 4144664404 162, 57.
Ἴωνες 534, 91. Κελεάς 186, 38. 39, 208, 7.
Ἰωσήφ 192, 42, 226, 26, 398, Κελτοί 2, 14, 14, 93, 46, 33.
94, 44445, 51555, 54545. 37ι ⁵⁴⁴, ²¹·
Ἶωΰα, 534, 91⁸ Κέρδων 34619, 40893, 524,6.
Κήρινθος 3461318, 404, 39,
Καᾶθ 532, 40. 41. 406, 53. 66, 526, 40. 55.
Κᾰβιρος 136, l· Κῆιος 122, 1.
Κάϊν 192, 36. 37, 206, 87. Κηφεύς 122, 94. 95. 97, 124,
Καίνοῑν 532, 52. 24, 184, 4.
Καίνοί 438, 11. Κηφισίς λίμνη 134, 95.
Καίσαρ 452, 96, 468, 60. Κίρκη 246, 48.
Κάλανος 46, 29. Κλαζομένιος 20, 3, 500, 74.
Καλλιόπεια 396, 69. Κλεομένης 438, 5, 440, 25. 29,
Κάλλιστος 438, 5, 440, 3235, 450, 64. 78, 528, 83.
450, 66. 17, 452, 5. 12, 454, Κλεοπάτρα 186, 34.

 

