562 muu'x Νοηιτυα.

Εὐριπίδης 498, 50. Ἦρατλαίαλλθος 172,10,198,35.
Εὐράοτρατυς 18, 64. 05. ἮρακλαλύηςῷΠονπκάς)500,78.
Εὐρώπη 544, 22. Ἦρακλτίτειας 442, 44, 450, 65.
Εὔφορβος 12, 55, 14, 12. 13· Ἠράτλτιτυς 2, 56, 16,26, 190,

78, 80. 81. 6, 440, 23, 442, 49. 52. 56,
Εὔφορβος (nomen) 78, 81. Ι 444, 88. 94, 446,1, 448, 32.
Εὐφράτης 172, 99. 1, 174, 23, 38. 47.

222, 22. Ἡράκλειτος ὁ Ἐφέσιος 14, 15,
Εὐφράτης ὁ Περατττάς 48, 16, 498, 43. ,

182, 56, 502, 7. Ἦράτλετως(ὐ σκοτεινάς) 236, 73.
Ἐφέσιος 14, 15, 498, 43. Ἡράκλειτος 6 σκοτεινάς 438, 4,

442, 43.
Ζάμολξις 14, 93, 46, 35. Ἡρακλέων 232, 8, 270, 29,
Ζαράτας 12, 66. 72, 260, 67. 286, 4.
Ζαράτας 6 Χαλύαῒος 12, 57. 58. Ἡρακλῆς 216, 40. 50, 218,53,
Ζεησάρ 150, 49. 51. 226, 11. 14. 19. 23, 230, 97,
Ζτύς 32, 15, 34, 39, 46, 33. 518, 32.

45, 48, 81, 66, 61, 08, 76, Ἡρη 384, 94. 96, 500, 61.

70, 47, 72, 49, 122,99, 136, Ἠράύοτυς 120, 63, 130, 34,

5, 168, 43, 256, 11, 384, 214, 87, 216, 37. 40. 50,

94. 96, 500, 61. 218, 60. 68.

Ζεφυρτνας 440, 27. 35, 450, 68. Ἦρά 188, 57.

81, 456, 64. 70. Ἡράύης 178, 86, 192,41, 226,
Ζηλαταί 482, 28. 34, 504, 22, 518, 35.
Ζήνων 2, 11, 26, 3, 40, 28. Ἠσαύὐαΐος 218, 79.

29. 35. Ἠσαῦ 192, 43.

Ζυγάς 84, 79, 182, 51. 53, vatnam,14;46,42;446,95.97.

268, 16. Ἥφαιστος 186, 45.
Ζωύάριον 186, 42. 43.

Ζωρόαστρις 186, 43. Θάλασσα 184, 99. 5.
Θαλῆς 2, 5, 16, 33. 37, 24, 85,
Ἡγησιβοῦλος 20, 3. 470, 74, 498, 45.
Ἠλίας 420, 32. Θαλῆς 6 Μιλήσιος 8, 90, 170,
Ἠλχασαΐ 438, 8, 462, 53, 466, 72, 498, 42.
13, 470, 73. 77, 530, 17. Θάρρα 532, 45.
Ἡμέρη 48, 65. Θεία 48, 75.

 

