INDEX 110111111111.

Φλυξΐς 210, 23.

Φοιβεία 170, 54.

Φοίβη 46, 76.

Φοίνικες 120, 60. 61.

Φωνὴ, 162, 49, 254, 72.

Φούδ 534, 62.

Φουωαανός 452, 93, 454, 32.
35. 39.

Φρύγες 140, 90, 142, 5, 154,4,
156, 52, 158, 59. 60. 66,
160, 9. 27, 162, 39. 41. 56.
57, 166, 1.9.10. 12, 168,
46,412, 12, 436,65, 526, 72.

Χαλδαϊκῆ ,41356ος 52,45, Χαλδ.
τέχνη 62, 11. 12, 164, 82.

Χαλδαῖαός 162, 72.

Χαλδαῖος vel Χαλδατοι 52, 24.
30, 54, 53. 58. 73, 56, 94.
9. 11. 15, 58, 28. 38. 45,
60, 63. 68, 62, 99, 136, 9,
180, 26, 494, 12, 532, 54,
534, 64. 89, 536, 96, 544, 20.

Χάμ 206, 88, 534, 74. 79. 60.

Χαναάν 534, 80. ’

Χαναανῐας 532, 31. 44.

Χαναναῖοι 534, 81.

Χαός 46, 57, 48, 64.

Χαρρά 530, 30.

Χάρυβδις 346, 30.

Χορζάρ 184,12.

Χούς 534, 81.

Χρειστός (Χριαιύς) 324,13. 16.

Χρισιιανο1 ve1 Χριστιανός 112,
39. 40, 174, 25, 270, 29,
436, 94, 454, 35. 39, 456, 4.

Χριστός 120, 46, 134, 65. 90, 2

140, 97, 98, 146, 77. 78,

waffifflfflffi κ

leQffifflM&

ffiwwmwm‚

29. 32. 35. 53, 278, 56. 59. 74.
61. 85, 284, 65, 286, 9, 288,
35. 39. (plur.) 324, 13,15,
326, 19, 330, 70, 344, 77,
348, 43. 47, 356, 63, 372,
20, 382, 64. 83, 398, 88,
400, 6, 404, 37. 40. 49. 50,

406, 53. 56. 59. 60. 65. 70. ¹
73. 79, 4068296, 410,12, 1

412, 9, 434, 41, 436. 75. 76.
90, 438, 4, 442, 46. 51, 448,
31, 460, 26, 464, 64, 492,
32. 36. 41. 55, 504, 24. 31;
512, 45, 524, 17. 29. 32. 34,
526, 49. 51. 52. 55. 59. 60.
64. 66, 528, 71. 76, 530,
19, 544, 36, 546, 46.

Χρισιός Ἰησοῦς 312, 2, 330, 56,
mm
Χρύσιππος 2, 11, 40, 35. ’

Ὧαννής 136, 8.

Ὦγύγης 532, 55.

Ὠκεανός 48, 73, 424, 4. 5,
498, 50.

...φ-.-

 

