11101111 110111111111. 665

Κοτος 48, 74. Λεύκιππος 2, 7, 26, 3. 1215.
Κολᾰρβασος 72, 66, 232, 11, Λέων 62, 85, 84, 58, 88, 35,

344, 79. . 268, 16.
Κολοφώνιος 28, 31, 498, 53. Λήδα 188, 56, 228, 51. 52.
Κόρυδος 454, 47, 456, 51. 57. Λήμνος 136, 1.
Κόρη 138, 47, 186, 17, 208, 7. Λίβυος 136, 3, 234, 37. 48,
Κορύβας 154, 3. 4, 168, 47. 48. 236, 57, 534, 82, 544, 20.
Κορύβαντες Φρύγιον 136, 97. Λιβυή 234,31. 40. 47, 544, 23.
Κουρῆτες 170, 54, 186, 25. Λ13υς234, 30. 34, 236, 60,
Κουρῆτες ’Idaios 134, 96. 250, 19.
Κουρλτης 186, 42. Λ1νος 130, 31, 208, 2.
Κρετος 48 , 74. Λόγους 144, 48.
Κριός 80, 14, 180, 36. 43. 44, Λουκιανός 346, 21, 410, 1.

182, 50; 268, 15. Amrov ὀο, 27. οι.
Κρυτσος 8, 4. Λύρα 118, 13, 194. 79.
Κρόνος 48, 77. 80, 66, 62. 73, Λῦσις 14, 92,

72, 49, 168, 42, 184, 1, 190,

94. 96. 98. 13. Μαδιάμ 150, 42.
Κρότων τῆς Ἰταλίας 12, 82. 83. Μακεδών 44, 27, 60, 60. 61.
Κύκλωπες 48, 79. Μαξιμλλλα 412,13; 436, 67,
Κύκλωψ 346, 30. 528, 73.
Κυλλήνη 152, 87. Μαραθῶν 60, 72.
Κυλλήνιος 144, 47. 48. 56. Μαρία 134, 73, 226, 27, 284,
Κυνικολ 436, 94. 88, 286, 99. 1517, 288, 34.
Κυνοσουρλς 120, 58. 37. 43, 328, 45, 374, 56. 60,
Κυνόσουρα 120, 63, 122, 83. 404, 44, 416, 77, 516, 94,
Κύρος 28, 32. 518, 36, 520, 51, 526, 45.
Κύων120,71.73.77.79, 122,81. Μαριάμ 420, 57.

Μαριὰμ ηι ζητουμένη 150, 40.

Λάθεν 218, 83. Μαριάμνη 134, 79. 80, 502, 6.
Λάϊος 186, 50. Μαρνλα 454, 46, 456, 51.
Λατῖνοι 544, 22. Μαρνλιον 346, 9. 20. 21, 392,
Λέανδρος 188, 57. 24, 394, 32. 50, 396, 71,
Λου1 532, 40. 398, 84, 408, 98, 410, 4,
Λευκανός 500, 63. 412, 8, 432, 26, 524, 4,
Λευκάς πέτρη 148, 8. 14. 526, 38.

 

