560 mou 1101101011.

Γαλιλαία 152, 77. Δράκοιν 116, 81. 88. 98. 2. 9.

Γανυμήδης188, 55, 228, 53 51. 10. 11, 122, 81, 191, 78. 82.

Γελωνός 218, 57. Δροίάαι 2, 11, 11, 93, 16,33.11.

Γεῶν 172, 91, 222, 22. Δωρίς 290, 59.

Γῆ 32, 16.

Γηροάνης132, 66,150,53,210,11. Ἔβερ 532, 16. 51.

Γίγαντες 18, 80. 81, 135, 3. Ἔβίων 106, 66.

Γιτιηνάς (Σιμοίν 3 Γ.) 231, 22. Ἐβιαναῐοι 316, 15. 18, 106, 52,

Γλαῦκος 181, 13. 526, 51.

nmmos 176, 61, 108, 83. Ἕβραῒοι 532,10.

Γορνά 102, 67. Ἐγκέλαδος1 186,17.

Ἐγκρατῖται 112, 11, 136, 89.

ιαμο 17127, 322, οι, ⁴34, Ἐδέι ι70. ⁷9· 80· 8⁴3 19235·
18, 192, 15. 36, 218, 70. 73. 75. 77. 80,

‘samm‘ 26, ,3, 220, 85. 87. 88. 89. 97. 99.

Δανάη 228, 55. 56. 1. 7. 10. 11. 13.15.18,222,

Δαναΐδες 186, 51. 26. 3511, 221, 58. 59. 60.

Δάνδαμις 11, 27. 61. 65. 69. 70. 78. 83. 92,

Δευκαλίων 532, 55. 8211 96· l· 4· 12· 22· 233

Aq‘aaoc ,ρ 5ss 228, 40.41.5·2. 56. 63, 230,

Δημήτηρ 186, 37, 208,7. 89, 211, 3. 1. 8. 11, 216. 21,

Δημάκριτος2, 7· 26, 12, 500, 518 15 22. 25 27 32. 37. 12.
71. 77. Είρηνατος 300, 2, 311, 73.

Δημόκριτος Δαμασίππου Αβδη- Ἑιιάτη 102, 51.
ριτης 26, 12, 13, Ἐκκαββάκαρα 186, 21.
Δίαιιλος 136, 99. Ἕκτωρ 78, 77.
Διδύμη 186, 33. 31. momorum) 71, 9. 191516,
Δίδυμοι 82, 11, 180,15. 17, 76, 20, 78, 62. 78.
, 268, 15. Ἔκφαντος 2, 7.
Δίκη 266, 59. Ἕκφαντός τις Συρακούσιος w.
Διογένης 350, 81. Ἑλένη 252, 59, 251, 61. 77.
ΔιάάαροςὸἘρττριοιίς 12, 56. 57. 86, 256, 98. 11. 11.
Διονύσιος 288, 18, 290, 58. Ἕλοασίν 136,1, 161, 61. 69. 70,
Διόνυσος 208, 7. 208, 8.
Δοκητιιί110,31,112,3.27,120, Ἐλευσίνια 116, 80, 162, 58,
55, 121, 91. 93. 99, 518,11. 161, 73.

 

