1140511 nomm. 567

Νῆοιις 384, 95. 98. 3, 500, 62. 34. 39. 43, 260, 57. 60, 270,
Νικόλαος 408, 87. 2629. 38, 282, 28, 288, 45,
Νορῇανολ 436, 81, 438, 16, 290, 72. 76. 79, 292, 92,
528, 80. 300, 10. 13, 344, 65. 79,
Νοηιάς 438,3.6, 440, 22, 448, 412, 7, 432, 25, 512, 31,
30. 38. 39, 528, 84. 86, 530,9. 514, 51, 522, 1.
Νοχα7ται 438, 11. Θάλιιτωρ 454, 47, 456, 59.
Νύμφαι 48, 70. ’ Θάρανός 32, 16, 48, 67. 73.
Νάξ 48, 64. 65. 0οά 186, 19.
Νάο 460, 19, 532, 53, 534, 65. Οὐωάβ 186, 19.
73. 86. Ὀφιοῦχος 118, 38, 120, 47,
122, 89, 194, 84.
Ξενοφάνης 2, 7, 28, 46,498, 45. Ὀφτιαι 438, ll.
Ξενοφάνης 6 Κολοφάνιος 28,
31, 498, 53. Παλαιστίνη 530, 30.

Πάν 170, 55.
Ὀδυσσεύς 78, 73. 75, 346, 31, mina 156, 55.

348, 36. Πάπας 156, 53, 168, 48.
Ὀδυσσεύς (οοιοοο) 78, 74. 77, Παρθένος 62, 86. 89, 84, 68,
80, 4. · 88, 3536, 180,48, 268,16.
Οἰνάνρ 186, 36. Παρθίο 462, 52.
Ὀιελλος ὁ Λεοιιανός 500, 63. Πάρθοι 468, 61.
Ὀλυμπιάς 186, 34. Πάρις 188, 55.
Ὄλυμπος 46, 48. 54. 59. Πάρις (nomen) 78, 66.
Ὅμηρος 148, 95, 150, 33, 210, Παρμεν1δρς 2, 6. 7, 26, 94.
30. 34, 444, 83, 498, 48. Πάρος 28, 50.
Ὀμφάλη 186, 47, 226, 18, Πάτροκλος [nomen] 76, 20. 24.
518, 34. 28. 31. 46, 78, 52.
Ὀρθομένρς 28, 31. Παῦλος (apostolus) 140, 85, 396,
Ὀρφεύς 130, 32, 208, 3. 4. 5. 82, 400,11, (ὅ μακάριος Π.)
’Θορις 142,11, 144, 34. 35, 438, 8.
168, 46, 186, 27. lm άπάοιολος 158, 71, 392,
Ὀοιάνρς 186, 41. 42. 27, 436, 95.
00186, 48. Πέλαγος 48, 71.
Οὐαλενιῐνος 126, 80. 84, 128, Πελασγός 136, 99.
14, 232, 5, 258, 27. 20. 33. Πελιάδες 186, 51. 59.

 

